ktWlZh0SBG
x?W@Zz9w9=
`96a2yXLew
Lc]j\Lo@kz
EeaOUwwfL3
[ZJr^^F5FA
Io<;V]<_oj
CG=QHDuML\
5?f[?oOXW=
6R2PY_2e<\
  14,      84,      62,      87,      34,      40,      10,      48,      84,      96    
  30,      98,      67,      28,      42,      80,      32,      15,      33,       1    
  17,      22,       4,      54,      42,      60,      89,      96,      37,      30    
  32,      71,       1,      53,      99,      31,      66,      89,      80,       5    
  11,       4,      15,      57,       6,      91,      69,      44,      10,      45    
