@?^fn1?SLI
4iNbY3GxuL
^Znw5rZ>@d
\[x[7<7:b_
K<MkMhF`r?
T8945_N_pi
yjvgCedihG
ViZw<thE_R
9YxQ\8><2D
AJ:zVMBKMu
  76,       6,      68,      52,      75,      36,      37,      90,      99,      53    
  52,       6,      69,      34,      26,      94,      28,      46,      97,      28    
  59,      34,      70,      94,      85,      93,      27,      58,      67,      72    
  20,      64,      80,      25,      54,      59,      23,      32,      73,      78    
  51,      90,      67,      52,      92,      11,       1,     100,      34,       9    
