V4A87r2nV8
T\6y`RpCmH
vBwVZziG43
lNLWrN]7I:
BLD@_k?sgX
xZ@ppGHoT3
jPDIKk2fqE
aA^5x]L2p]
oU0tNf;mtj
hNdZ[Id<0Z
  90,      87,      10,       8,      25,      58,      96,      62,      23,      54    
  46,      62,      58,       6,      92,      24,      15,      47,      43,      39    
   6,       3,      33,      31,      83,      82,      52,      58,      28,      88    
  11,      33,      46,      53,      45,      46,      98,      92,      45,      31    
 100,      47,      58,      57,      99,      25,      65,      38,      63,      41    
