i:4bTUGHtQ
h=6?Yav3<P
H6lMaZ0`GC
R^lZ1kDmc]
M4zaA6Bs@S
t>Q^\aDOku
SFPGD:<U6u
;<ebJ60KkQ
7laQXW_`>l
>NAD0uWRWI
   9,       9,      61,      16,      13,      82,      64,      40,      62,      12    
  47,      52,      20,      43,      26,       5,      25,      97,       8,       5    
  10,      56,      66,      60,      94,      42,      84,       1,      15,      17    
  73,      69,      70,      33,      66,      73,      84,      40,      66,      52    
  92,      30,      46,      84,      76,      14,      46,      49,      22,      87    
