Z_U4V3o\c`
^w=SoUi=ct
<P3@aqI2sS
tHc1VHIwhI
_O[w^;nf8<
FOWDnkD^7b
JbFcMM?fmu
V>]>NoPuKd
\7Nu4LBAJu
UlJRw95du8
  10,      98,      96,      72,       5,      72,      78,      92,      37,      20    
  52,      38,      94,      81,      76,      73,      51,      58,      16,      83    
  96,      33,      37,      60,      66,      35,      71,      29,      95,      50    
  85,      79,      35,      10,      60,       4,      80,      27,      66,      60    
  94,      22,      70,      56,      23,      85,      34,      90,      99,       5    
